32,-87,-42,2,-42,11,76,26,70,-8,11,53,16,-39,-80,-15,32,30,55,67,-49,30,-62,52,23,35,-49,0,98,-63,-3,-95,-59;-87,-44,39,23,48,-30,22,18,67,77,58,-92,68,34,-2,82,48,11,-17,-54,-6,-39,-24,-99,75,5,79,23,-40,-25,28,33,94;-42,39,5,12,-41,22,-4,36,-39,-93,-63,99,-26,71,-70,83,88,-64,-31,52,-14,53,-49,11,79,79,38,48,-58,-9,99,-43,-9;2,23,12,-52,-75,-87,-37,-78,-62,-41,-49,74,-79,-62,-44,-39,-98,-71,45,21,90,-14,90,23,-59,79,43,93,32,-20,83,47,-7;-42,48,-41,-75,70,-92,79,8,-74,46,-84,20,66,98,-91,0,12,31,-88,-46,17,77,8,-97,21,0,12,-33,68,-94,-54,-31,-31;11,-30,22,-87,-92,-10,57,-24,4,-20,-49,-71,-23,53,75,-17,28,-99,-76,-13,81,-78,29,-53,31,38,-86,2,-25,44,72,-30,-4;76,22,-4,-37,79,57,12,39,-81,0,46,-50,-25,-60,33,96,-69,-20,82,77,64,-99,-75,-26,20,-25,-76,-14,46,-23,98,38,30;26,18,36,-78,8,-24,39,-25,-46,-99,59,8,80,33,65,-87,55,83,81,50,48,-53,-53,-75,-3,66,48,61,-50,1,-51,-31,-48;70,67,-39,-62,-74,4,-81,-46,94,-29,-75,93,42,1,-92,19,-100,85,32,-64,23,-1,-52,-89,50,-55,-58,-8,69,26,77,-62,20;-8,77,-93,-41,46,-20,0,-99,-29,79,-68,90,68,-76,53,51,-10,-44,85,-38,39,-80,-87,-18,73,-70,48,-38,15,89,74,-34,-1;11,58,-63,-49,-84,-49,46,59,-75,-68,50,-1,-45,-93,77,-18,-32,-7,87,-28,62,-32,-83,50,75,-69,80,46,-34,13,86,-29,29;53,-92,99,74,20,-71,-50,8,93,90,-1,-68,60,18,38,78,15,23,31,-95,65,-9,-82,24,-2,44,13,73,17,68,52,48,-50;16,68,-26,-79,66,-23,-25,80,42,68,-45,60,-87,56,-20,72,-70,34,-58,7,52,12,-21,69,-78,-54,-42,44,-11,78,-36,40,57;-39,34,71,-62,98,53,-60,33,1,-76,-93,18,56,3,26,32,-50,32,-64,-67,-7,96,-83,19,81,81,47,62,-42,-94,-16,89,-11;-80,-2,-70,-44,-91,75,33,65,-92,53,77,38,-20,26,-3,-88,78,39,55,-24,-3,-46,-71,-72,89,-12,-93,-8,9,-70,47,21,-3;-15,82,83,-39,0,-17,96,-87,19,51,-18,78,72,32,-88,-2,-92,-86,56,-6,59,88,-60,-1,-5,-15,-18,-7,-26,-49,-40,-10,47;32,48,88,-98,12,28,-69,55,-100,-10,-32,15,-70,-50,78,-92,92,-5,-44,38,78,-36,67,-73,-70,74,-11,-63,32,10,-15,87,-9;30,11,-64,-71,31,-99,-20,83,85,-44,-7,23,34,32,39,-86,-5,-20,-18,-44,-17,79,67,-65,97,59,43,45,-4,-87,56,-68,-81;55,-17,-31,45,-88,-76,82,81,32,85,87,31,-58,-64,55,56,-44,-18,-18,54,-75,-60,59,-70,49,88,-34,28,-87,51,-38,63,75;67,-54,52,21,-46,-13,77,50,-64,-38,-28,-95,7,-67,-24,-6,38,-44,54,97,6,83,70,77,-66,-36,-87,28,-79,40,-81,21,-78;-49,-6,-14,90,17,81,64,48,23,39,62,65,52,-7,-3,59,78,-17,-75,6,31,-83,-83,-44,-82,-51,55,-41,46,31,-50,32,-33;30,-39,53,-14,77,-78,-99,-53,-1,-80,-32,-9,12,96,-46,88,-36,79,-60,83,-83,-84,-50,53,-16,35,95,67,48,89,-71,85,-46;-62,-24,-49,90,8,29,-75,-53,-52,-87,-83,-82,-21,-83,-71,-60,67,67,59,70,-83,-50,84,-82,41,-4,-81,-82,-90,-72,66,35,11;52,-99,11,23,-97,-53,-26,-75,-89,-18,50,24,69,19,-72,-1,-73,-65,-70,77,-44,53,-82,95,-6,-56,13,-81,37,59,-48,20,-56;23,75,79,-59,21,31,20,-3,50,73,75,-2,-78,81,89,-5,-70,97,49,-66,-82,-16,41,-6,67,-53,62,75,37,-95,-77,53,-26;35,5,79,79,0,38,-25,66,-55,-70,-69,44,-54,81,-12,-15,74,59,88,-36,-51,35,-4,-56,-53,41,87,-68,-98,-67,-69,-87,63;-49,79,38,43,12,-86,-76,48,-58,48,80,13,-42,47,-93,-18,-11,43,-34,-87,55,95,-81,13,62,87,27,12,-61,4,0,-19,39;0,23,48,93,-33,2,-14,61,-8,-38,46,73,44,62,-8,-7,-63,45,28,28,-41,67,-82,-81,75,-68,12,57,89,-10,-19,47,-90;98,-40,-58,32,68,-25,46,-50,69,15,-34,17,-11,-42,9,-26,32,-4,-87,-79,46,48,-90,37,37,-98,-61,89,-70,77,-36,-90,-83;-63,-25,-9,-20,-94,44,-23,1,26,89,13,68,78,-94,-70,-49,10,-87,51,40,31,89,-72,59,-95,-67,4,-10,77,70,79,21,-18;-3,28,99,83,-54,72,98,-51,77,74,86,52,-36,-16,47,-40,-15,56,-38,-81,-50,-71,66,-48,-77,-69,0,-19,-36,79,-87,87,-25;-95,33,-43,47,-31,-30,38,-31,-62,-34,-29,48,40,89,21,-10,87,-68,63,21,32,85,35,20,53,-87,-19,47,-90,21,87,-8,93;-59,94,-9,-7,-31,-4,30,-48,20,-1,29,-50,57,-11,-3,47,-9,-81,75,-78,-33,-46,11,-56,-26,63,39,-90,-83,-18,-25,93,23
-89,-18,-95,74,-68,39,-19,40,-34,66,-78,-83,47,14,41,-95,-37,11,-90,67,92,-85,-40,-66;-59,-56,-2,-49,-72,-92,-12,-84,94,-4,-21,98,42,-64,98,-62,83,-31,51,-96,56,3,34,-1;-55,-31,-71,-19,13,95,0,95,-78,71,32,87,-60,-71,11,-43,-22,-94,-77,-50,-66,42,-37,-73;13,71,84,22,-36,-45,-23,38,10,99,-94,58,79,-94,3,98,96,-16,76,70,3,-90,98,53;57,-7,26,50,-20,-17,-35,2,-94,-99,68,41,-90,77,31,67,-7,94,-23,-59,-77,53,-22,-29;2,-76,-46,49,66,-8,23,2,73,-70,64,70,28,26,-42,-74,33,3,52,77,-63,61,88,-82;53,-92,-23,9,33,57,30,-96,-86,-46,-53,-45,-71,15,36,14,-22,-35,68,79,-87,60,-62,66;36,-50,7,20,-100,1,-67,41,-64,-64,96,57,-85,-86,69,-84,0,60,55,-27,-22,-98,97,-82;66,-62,-1,72,93,-92,-95,92,69,10,72,-18,-50,-91,-97,13,-79,6,-82,92,18,78,-2,-36;-4,52,-21,-48,-96,65,-12,33,-47,-12,53,62,-98,-39,48,-72,-70,-97,87,5,-59,-14,66,-10;56,-59,-48,72,83,-96,-1,88,39,-66,-25,-60,29,52,88,-96,-78,-62,-71,61,-44,-60,11,59;58,90,62,14,90,93,-78,-90,86,88,-4,62,12,15,50,-52,88,65,-77,67,85,7,-1,-23;-85,83,-18,-98,-44,-96,-66,15,30,-8,-87,92,-58,84,97,45,-88,-35,-46,41,-44,-75,-9,6;-12,80,72,-10,-83,44,73,-50,-9,-16,-1,-93,10,-80,53,81,53,80,-68,-80,1,57,-94,-97;68,-23,55,20,-48,58,-79,90,-9,76,13,-24,-69,44,-2,85,18,62,1,58,-15,90,-66,91;11,-27,87,-24,93,-29,-96,31,74,68,22,39,89,-47,98,33,-38,8,15,34,6,-23,50,-91;-19,-54,1,39,-44,-52,18,78,-58,63,-92,79,70,44,97,-80,72,82,1,-38,-79,59,96,-35;64,67,-5,76,-26,0,-16,-66,22,78,95,46,69,-35,-25,26,-50,44,-4,-75,-56,-82,63,18;11,-6,61,24,75,-13,87,21,-51,-64,74,-12,52,41,3,42,-22,74,-44,91,49,-50,-49,6;6,75,-89,-23,-37,71,-79,45,-96,77,-35,79,38,60,-42,-65,91,-26,-4,33,-10,86,73,9;-60,53,46,-30,62,71,68,-40,-57,-46,-83,-100,-25,9,-43,-22,-85,-72,-16,75,-25,23,-97,18;15,-79,-100,-26,54,18,-84,20,-99,2,-63,9,-76,50,83,-68,-92,-96,36,-17,42,-43,59,-19;-84,-82,17,-38,1,98,-67,17,50,-73,54,40,70,-7,6,25,-62,-3,99,73,-28,47,-47,-36;-55,-49,66,-30,87,19,76,-42,-38,19,-42,35,-100,53,-82,-98,-32,20,58,96,96,-57,-38,14
-55,-56,-42;-56,86,-91;-42,-91,-31
-83,-50,-69,63,29,-69,-49,-4,-22,-49,-65,70,24,-16;-21,97,4,52,88,-43,-33,-99,89,-48,72,75,-26,31;99,-25,9,88,71,47,36,68,70,5,90,27,44,0;64,-90,-22,28,-14,60,65,-39,-19,-43,-20,7,85,-85;-40,79,90,54,57,20,-4,-98,41,-53,98,77,48,10;-74,99,61,-39,12,67,-64,78,73,-56,-12,13,65,38;94,-48,8,-36,61,21,7,91,14,-64,69,-76,-96,62;-31,-69,29,9,-88,-45,-66,-19,-5,-81,94,-82,78,-18;-94,46,-35,-57,54,57,-93,-11,38,34,-85,-74,-98,-65;-15,25,-9,-13,62,-26,9,41,14,79,1,10,3,13;56,-12,-31,43,43,-75,84,67,70,25,-30,-54,54,79;-8,95,-6,85,-48,99,96,69,27,7,-45,3,72,-36;-69,-14,41,-57,-47,-6,32,-51,-36,-28,-17,77,-50,17;55,66,-84,16,19,30,-52,19,-15,16,-42,4,16,87
-13,-61,-47,20,35,-16,84,-73,93,-40,-54,-57,31,-79,2,-26,49,-21,-86,61,-10,39,84,-58,-84,12,-100,-75,84,49,77,45,-12,1,85,-57,24,30,81,-30,82;89,22,-41,-17,-95,88,-37,-87,83,54,-63,72,-100,-29,47,-45,-90,4,-77,-17,58,-58,-56,-18,0,54,-71,-64,-42,50,-81,-2,43,79,1,-83,24,58,-90,23,37;-89,-100,94,40,72,-13,-71,-63,88,13,-74,57,86,-77,46,-22,76,82,-50,59,-73,55,-67,34,39,-72,-79,69,30,30,-49,-7,0,46,46,-58,-51,41,28,-33,99;98,-30,-63,93,40,57,55,55,38,48,76,59,64,10,-44,67,-41,-99,43,-34,-41,7,-43,-39,32,-43,-60,-24,3,-71,-66,-46,83,59,-72,-16,95,41,98,-29,-35;-86,92,82,-25,33,35,-64,-10,-26,89,40,84,-100,39,-9,-87,76,-39,-17,17,-21,-49,9,13,21,76,-96,-18,72,71,18,-97,-28,-99,-55,14,-25,85,99,21,-97;86,-71,-60,-6,-30,83,-80,36,-29,-81,-20,15,54,86,62,-17,-32,53,57,30,54,18,3,-30,37,11,99,-6,76,37,90,-38,61,13,-7,-78,-32,-81,-49,93,84;45,0,52,-62,-13,18,-85,-18,-69,-93,-68,-59,91,-51,-33,26,69,56,58,84,26,59,33,-71,-82,54,-60,-8,40,-86,-52,2,64,45,-92,-83,50,-68,-51,93,83;-89,45,30,58,-80,69,-37,-75,-4,-1,-37,-8,-91,-42,86,67,22,-80,33,-23,22,41,-83,59,29,-23,-55,-59,-50,75,36,7,64,-100,14,-86,-97,-29,98,84,76;-33,-56,14,84,-91,54,-13,-79,-51,-72,-88,16,16,-39,-31,27,70,-72,42,24,-78,75,21,62,55,27,-92,43,72,64,-49,-78,48,0,-46,-3,3,74,20,22,58;-81,-100,47,24,91,-52,38,-55,-14,-68,-58,-45,-40,54,-8,23,51,-71,-19,46,43,-51,-15,76,90,67,-85,-93,71,-76,96,8,-81,66,-97,74,74,-62,64,-21,-30;-2,-15,32,-92,66,-12,46,62,74,51,45,-62,76,-86,70,15,70,34,-77,-68,31,-27,-38,-65,34,-65,-6,50,17,48,13,-36,-98,-25,-56,63,53,67,-77,-22,-31;-56,97,-28,-49,-31,-57,51,-68,-41,-97,4,40,-54,39,-75,-77,-4,-26,30,94,95,-55,-75,-62,-19,-64,1,70,-93,61,-97,10,45,63,-14,-24,90,84,-36,92,43;18,-43,45,-92,23,55,36,-82,40,-44,-7,-8,-16,-27,99,71,-66,70,-67,41,80,-75,-3,-100,94,95,-17,-48,49,-68,11,-91,38,-49,-23,87,-20,-71,57,-20,64;51,-33,5,10,-83,-40,-11,-13,5,55,-86,-69,-50,62,-8,59,45,-86,27,-28,-17,-31,7,44,-17,54,-67,96,-88,-10,-95,-88,52,77,-71,58,92,-10,76,34,93;65,-56,-23,-3,78,-13,-11,84,-73,35,-86,-70,-93,-19,-18,59,60,-74,-38,-73,-7,-26,-86,50,-98,-22,-27,32,34,67,-46,-62,92,-21,18,-75,-70,-53,5,-34,44;-89,84,55,90,82,45,-5,47,98,-68,-37,14,7,0,-10,-70,26,-5,-1,-86,56,-51,-40,-20,76,-63,28,63,-44,29,12,21,95,-17,-19,-11,-42,59,-80,33,77;85,36,34,91,24,-15,78,-73,94,3,52,-95,-48,87,61,24,-25,-86,44,-84,32,-10,-32,19,41,18,-77,-81,-100,71,66,-25,65,-64,71,13,25,-12,-48,51,50;35,-38,-75,60,15,43,-5,19,65,82,44,-25,17,-56,-6,-33,-85,-51,-95,-39,59,-74,-78,36,-24,-60,-85,-84,-52,99,86,62,92,-35,97,-72,-57,58,-74,74,28;0,-65,89,-79,99,-52,92,-24,-54,10,-62,-54,-10,91,9,-61,-11,-16,-25,27,-22,-29,66,95,82,-18,-49,-53,-34,-76,-43,-77,-70,33,-41,91,-67,14,-23,91,-77;40,-99,-11,47,16,2,-26,-13,88,54,-26,50,-53,-51,-71,-32,93,-61,17,96,44,-90,-78,-48,-85,-85,56,31,17,-95,74,-94,-17,3,38,-31,-23,-53,-34,79,76;59,-23,-31,82,-27,83,-17,-70,22,-60,-25,59,95,-21,29,79,-64,32,0,46,42,69,82,80,-33,-34,43,11,59,91,45,73,37,-80,84,32,52,-30,41,-68,-27;1,95,65,-2,-54,-12,-76,-92,-10,-59,15,65,-67,-67,89,-6,-11,14,-94,-61,72,-30,30,-6,2,-78,75,-6,97,-74,65,90,-32,-28,-59,74,-83,-19,-80,78,19;2,-31,50,-70,-93,4,86,95,-63,-38,55,35,92,1,-69,-36,-29,96,-76,13,30,-89,-37,-25,24,-3,60,92,-85,-23,-92,-6,-72,20,-31,-100,80,-36,-5,18,88;-1,59,63,-90,-45,-25,71,-91,9,45,-15,96,-36,89,-10,-94,-26,5,9,43,93,79,60,-46,-39,6,-28,-69,-70,-17,-93,0,6,24,-70,-48,-1,-35,-31,-78,89;82,5,31,22,-3,64,30,78,94,6,58,85,75,94,19,99,9,48,48,-98,40,79,-75,38,84,-10,39,58,-62,6,-92,-64,-13,54,-89,-26,-72,31,63,42,41;-48,-65,77,-52,15,31,30,11,-47,90,16,20,-80,-52,-97,-21,93,38,-93,-76,72,40,-12,-3,21,-2,-80,83,-55,70,77,85,-94,-40,-12,43,-52,-10,-31,59,-91;-53,85,15,-8,16,-34,5,-93,94,-65,93,55,18,69,12,47,-21,27,-84,10,46,-34,-18,-87,30,14,59,60,-40,-69,3,-32,-52,-86,25,54,72,-95,-96,-69,15;75,-50,35,83,-71,-13,-10,75,95,69,62,-48,-52,-37,81,3,2,61,-98,7,44,47,63,32,24,7,3,-56,57,75,-27,22,84,94,70,-85,46,-71,1,-74,-31;84,-36,-39,40,-84,99,51,43,-50,-30,-56,-98,24,70,-72,-13,-97,-41,22,84,-54,-82,-80,-5,-60,-33,-46,-8,66,57,-28,-41,76,-62,60,-17,1,91,8,7,52;0,7,4,-71,19,-40,-77,42,27,42,70,79,-59,-78,66,-57,65,-1,48,45,-42,77,-7,97,84,-74,-14,-90,45,85,-89,50,-86,-69,45,10,15,-34,20,-93,-70;50,-62,-86,2,-20,34,-85,93,-61,36,-8,60,62,-7,22,-87,6,-56,-7,73,-87,97,42,30,-81,64,-90,-23,-45,28,-1,78,41,15,8,39,-21,-5,4,-9,-29;-84,5,-51,19,90,-48,38,-78,-3,-92,-79,-73,-67,-84,52,-5,-17,-18,15,24,37,38,10,-64,13,-81,-54,84,83,34,-89,40,-99,2,96,-9,-8,-89,-71,12,-29;-46,58,19,-23,51,7,-2,55,-57,95,-87,88,67,33,-22,94,-88,-95,71,-95,53,-61,62,97,-19,-75,30,-81,-39,-97,-28,-48,-98,-48,-17,79,91,59,62,11,48;-72,39,38,97,52,-66,69,18,-4,-20,-95,-42,7,18,-85,95,21,95,26,77,-22,-6,-60,22,60,85,15,-50,-2,-97,-48,-57,-41,-43,24,-1,-76,-100,29,90,60;1,64,22,-33,94,-5,34,-33,84,-30,63,-64,34,-31,34,-2,-85,-63,66,19,19,-81,-7,-73,61,98,-50,93,15,71,21,-34,35,-84,77,29,17,-45,65,-10,81;82,14,32,-11,-93,25,88,90,-100,-92,63,62,-29,-59,-18,-29,-5,5,96,-56,40,52,-87,49,-4,1,18,-9,-96,81,60,-29,-24,38,37,5,60,37,54,-28,-38;-97,14,63,58,4,-37,74,-6,-42,-78,50,69,-55,-60,-70,0,83,92,6,-93,-4,85,-81,-53,-9,-14,33,4,76,11,57,50,24,82,37,-63,-50,90,92,-63,43;96,46,59,-91,1,-70,-3,6,-96,77,45,-52,-35,65,-83,-5,15,-34,-83,30,-30,17,47,-36,-100,-55,-38,3,92,-50,92,99,-32,-37,-1,-61,-40,-62,90,-45,-64;97,72,33,-88,1,-42,-84,19,42,35,24,74,7,-27,-22,99,-6,-92,-44,67,93,14,54,84,45,80,-99,-34,77,-66,-24,-24,61,-7,-27,45,-87,-48,-1,86,-54;83,-50,15,-33,-75,61,90,-80,-60,65,-70,33,-12,-58,-17,-83,49,-34,21,-43,50,41,7,-42,-52,-88,-87,-100,33,86,-58,9,-30,21,-91,-37,-62,16,20,-82,-89;-55,37,-32,-54,42,-27,-49,89,27,-37,85,77,29,-5,-59,42,-44,-81,-88,47,90,-13,-47,23,20,-37,66,-68,-81,79,-68,46,2,-55,4,-96,-62,-88,5,38,61
22,-44;-44,32
67,21,82,-3,7,-29,-80;58,-17,45,25,-21,7,-81;70,48,-69,-62,-26,-17,91;-63,3,-56,13,-27,85,80;-18,31,-34,88,22,40,-36;-3,96,34,-61,-69,-75,46;20,-7,-14,-74,-69,42,-61
-82,-43,-43,-66,30,-83,37,84,-67,-15,-60,-24,52,-22,37,57,66,54,-28,51,-4,99,-57;-43,-42,-55,17,-90,58,-13,-58,-58,40,-75,-61,-52,30,-36,6,34,-20,-41,50,-95,46,84;-43,-55,-30,67,-86,48,-32,-36,88,66,4,95,-82,-86,99,89,-88,-93,78,-3,91,-58,-1;-66,17,67,-50,13,-70,-94,-8,-40,-80,92,-9,45,94,-3,-27,74,49,95,-90,-82,77,-46;30,-90,-86,13,73,20,-56,-71,16,-35,16,21,-28,-19,-47,-87,3,-15,-81,-46,84,41,76;-83,58,48,-70,20,-96,68,74,-87,-51,-76,17,26,-86,-38,-88,68,-21,-87,87,26,30,-32;37,-13,-32,-94,-56,68,-99,-10,-74,43,-2,19,-90,-8,80,93,88,55,-5,-90,-32,-59,73;84,-58,-36,-8,-71,74,-10,-14,99,7,95,-96,99,39,2,-42,-40,13,74,99,15,59,-12;-67,-58,88,-40,16,-87,-74,99,85,83,-49,49,-40,-31,-46,-98,57,-56,23,37,-42,67,-99;-15,40,66,-80,-35,-51,43,7,83,-1,-63,-60,1,26,-77,-27,96,-10,-13,-59,-60,-41,-3;-60,-75,4,92,16,-76,-2,95,-49,-63,18,80,-23,-71,-34,9,-73,-83,-9,12,-84,44,5;-24,-61,95,-9,21,17,19,-96,49,-60,80,-63,60,-25,-99,-57,-9,-42,-87,36,59,-86,-68;52,-52,-82,45,-28,26,-90,99,-40,1,-23,60,-35,12,86,61,-38,-81,-71,95,4,-62,-37;-22,30,-86,94,-19,-86,-8,39,-31,26,-71,-25,12,-54,8,91,-43,73,-18,46,27,-16,82;37,-36,99,-3,-47,-38,80,2,-46,-77,-34,-99,86,8,17,-65,-65,-86,-15,97,48,-100,-17;57,6,89,-27,-87,-88,93,-42,-98,-27,9,-57,61,91,-65,81,-79,-38,96,-100,97,-59,-45;66,34,-88,74,3,68,88,-40,57,96,-73,-9,-38,-43,-65,-79,-71,-7,87,48,-100,99,-3;54,-20,-93,49,-15,-21,55,13,-56,-10,-83,-42,-81,73,-86,-38,-7,-72,-8,-49,-67,-16,31;-28,-41,78,95,-81,-87,-5,74,23,-13,-9,-87,-71,-18,-15,96,87,-8,90,-69,29,-50,47;51,50,-3,-90,-46,87,-90,99,37,-59,12,36,95,46,97,-100,48,-49,-69,-24,51,46,76;-4,-95,91,-82,84,26,-32,15,-42,-60,-84,59,4,27,48,97,-100,-67,29,51,-79,-20,94;99,46,-58,77,41,30,-59,59,67,-41,44,-86,-62,-16,-100,-59,99,-16,-50,46,-20,-79,-44;-57,84,-1,-46,76,-32,73,-12,-99,-3,5,-68,-37,82,-17,-45,-3,31,47,76,94,-44,-58
91,-41,32,-74,17,-66,-3,-67,17,-64,37,85,93,46,14,15,51,91,89,33,46,-47,20,-11,9,-48,-28,6,54;79,42,-45,-55,80,-40,74,52,5,-27,96,-69,-84,-70,-60,-87,60,83,-25,65,-21,-31,-35,-48,-50,65,37,38,-58;16,-36,62,91,-21,38,-6,-18,40,-88,-15,40,63,-54,18,93,1,29,-78,-20,-24,48,-32,96,40,-26,9,-24,-97;94,-86,22,-65,9,88,-92,-66,-60,37,-9,45,30,-81,70,89,-75,15,-78,46,-41,48,-64,15,-43,66,67,96,65;-50,-96,-72,-83,-21,45,98,63,4,-47,-43,10,58,-40,92,31,34,45,28,-3,-93,15,58,-13,30,44,-54,78,-93;77,42,-80,-89,-32,90,33,-38,28,-49,-26,72,-74,20,-38,64,-65,0,-12,-56,83,23,-79,-62,-2,58,35,-55,41;-14,34,-1,-81,55,27,11,-63,-2,-11,-30,-42,-31,-94,-7,-46,25,80,94,-4,22,-6,-57,58,34,-77,-46,21,81;13,10,-46,-13,20,-59,17,74,52,-30,93,50,27,37,-89,-83,85,14,16,27,84,73,77,41,48,-81,92,-9,41;-15,31,-28,89,-45,85,78,-85,71,48,65,76,-20,72,10,-100,45,94,57,-68,40,49,9,38,93,97,39,33,13;38,1,-51,-74,-67,-34,38,21,61,-28,51,-68,-99,-87,66,51,51,4,-99,-33,40,-98,-76,-66,-42,-99,36,-78,34;95,-43,-54,-55,1,-68,-53,15,50,-53,5,71,-21,84,22,-94,-100,38,35,43,86,-58,-7,38,-34,73,36,-24,-86;67,-68,30,16,86,65,-86,4,87,0,81,18,-65,-99,-43,-5,-5,-40,-82,1,-72,-42,-38,-100,-21,47,53,64,8;79,28,-4,70,1,82,-86,74,-46,-8,-82,8,1,-87,-62,54,-76,51,-60,-64,-58,70,12,17,74,86,9,69,30;-63,-61,-88,-50,96,-92,71,-16,48,33,-82,-58,20,-59,68,99,93,27,-55,-76,-54,-45,95,12,27,-34,-92,-85,78;95,15,-27,-55,-56,-83,-47,-94,-43,4,-96,-34,-31,-25,-83,-79,94,21,29,44,18,81,-41,-37,45,-17,81,-57,-1;22,30,99,55,6,52,-82,45,96,-25,-77,14,92,35,-78,-60,57,76,79,78,-10,33,44,-21,-29,-41,-86,-44,-91;-1,60,-65,-91,7,35,74,-95,10,63,22,99,-24,97,-55,5,-71,25,-55,-63,-77,88,7,-98,-35,-92,88,85,19;-16,-54,38,62,36,-3,15,87,5,-15,-100,-53,-66,-54,-87,-44,78,-86,36,-1,73,-58,34,69,-81,85,11,-47,-67;44,-2,46,89,-15,-74,16,84,-63,40,0,30,17,23,-61,-56,89,88,41,-6,46,-14,94,-48,-14,46,-59,12,69;42,50,85,-39,54,61,87,-46,-43,49,-81,-4,-29,41,-27,-64,68,-44,18,-6,24,-71,97,69,59,-14,-43,4,-6;3,39,85,-96,-86,-6,90,14,-32,62,62,-48,90,31,-61,22,98,-26,44,20,-85,17,-11,23,-83,-55,13,53,-85;2,-33,3,-18,60,54,-91,-66,-9,-44,-53,-17,21,0,-7,55,-59,34,-3,57,-53,61,-88,12,83,-22,86,-51,-39;87,69,80,-64,-1,66,-5,-41,70,-70,77,-71,-13,6,-83,-3,-64,-6,-84,96,67,75,10,-85,95,68,41,-45,90;-2,-19,68,60,72,4,-13,-34,-53,-78,34,98,-4,-29,3,20,27,59,-46,95,-85,47,83,69,-47,-6,-89,-41,65;-59,31,-76,-61,-32,-29,48,-92,-31,15,-99,30,-70,89,-29,-18,98,-29,4,-93,-5,-33,-92,-14,-40,75,51,-3,99;6,-22,-7,-72,1,-94,-9,9,58,-73,-100,55,11,-42,-56,-48,-36,84,58,11,-14,-46,-78,6,-49,-31,73,22,37;79,-7,19,-50,-91,62,-63,8,2,29,83,80,73,-61,-57,4,-49,84,-91,64,-66,95,90,93,86,12,-48,-45,86;76,-69,-68,68,72,79,34,-20,4,1,-5,-94,44,62,-46,74,31,13,-86,79,-98,-100,-15,63,58,3,83,3,26;-36,-4,10,81,22,26,-3,50,-88,-99,-40,9,-77,46,-18,13,57,-10,-67,35,-82,-45,99,-63,-24,83,75,46,-31
96,-70,53,-60,-96,85,-75,-78,-65,56,-76,19,12,54,-31,79,-47,-98;-70,-50,-99,-87,49,67,7,-91,-3,-28,5,38,50,51,-19,-98,32,-37;53,-99,-22,-31,6,-22,28,32,-32,97,78,94,36,-13,-17,-94,-96,22;-60,-87,-31,44,-81,-92,-45,-53,-37,-54,-69,7,12,19,-17,-15,-95,43;-96,49,6,-81,16,80,-10,90,9,47,23,21,-31,45,51,88,13,-27;85,67,-22,-92,80,-90,89,-2,34,-72,-94,-38,93,-24,-84,-85,-77,-25;-75,7,28,-45,-10,89,70,-85,-88,84,12,72,-49,-81,6,92,-84,-6;-78,-91,32,-53,90,-2,-85,75,-80,-3,39,10,-5,-26,32,58,-4,23;-65,-3,-32,-37,9,34,-88,-80,-80,49,-43,98,-19,23,3,-27,75,-14;56,-28,97,-54,47,-72,84,-3,49,-28,53,6,-44,60,-62,-84,-38,-46;-76,5,78,-69,23,-94,12,39,-43,53,3,96,-18,-61,-48,86,64,-46;19,38,94,7,21,-38,72,10,98,6,96,66,21,41,-10,16,-27,-9;12,50,36,12,-31,93,-49,-5,-19,-44,-18,21,91,-65,-45,74,70,-4;54,51,-13,19,45,-24,-81,-26,23,60,-61,41,-65,-97,19,-60,-92,3;-31,-19,-17,-17,51,-84,6,32,3,-62,-48,-10,-45,19,-33,91,-18,50;79,-98,-94,-15,88,-85,92,58,-27,-84,86,16,74,-60,91,-44,-42,-30;-47,32,-96,-95,13,-77,-84,-4,75,-38,64,-27,70,-92,-18,-42,4,93;-98,-37,22,43,-27,-25,-6,23,-14,-46,-46,-9,-4,3,50,-30,93,27
-96,-88,16,-32,37,52,-66,95,55,-21,-86,-36,25,83,-59,-8,57,-1,-24,-59,-69,49,18,73,71,-85,-36,-18;-80,-88,-20,64,-47,25,-50,61,-47,-73,-35,66,-94,-87,48,88,76,-83,-76,-27,-84,78,46,-7,-50,-4,-22,-45;-7,42,-4,21,-13,51,74,42,98,-50,-89,99,32,-20,-62,30,-66,10,-66,-82,-100,30,97,54,91,91,-34,-58;-34,86,13,56,-53,94,-32,10,30,44,-22,-45,-62,-94,89,25,-95,-75,40,36,39,-85,-41,40,-38,-40,-46,62;45,42,30,-4,-15,32,-25,-88,37,-45,51,37,-88,27,99,-11,-69,79,79,94,41,-29,48,65,-50,29,2,-50;27,72,-7,87,40,5,65,88,-87,82,70,6,30,76,88,50,-27,-98,24,-88,-84,69,9,-17,-20,-40,-79,-26;93,65,-55,55,-71,-76,-15,64,61,64,97,6,62,-90,-24,-52,-91,-27,-36,64,-18,98,-9,-52,-95,-10,-66,57;-37,-90,6,-20,-17,-10,95,-52,36,-85,-23,5,-9,-76,88,9,-96,-83,-50,-95,-7,-40,-27,-93,95,-43,91,95;-27,97,49,38,90,27,0,50,-42,17,-77,-29,-85,-73,12,94,95,58,-28,-42,-91,82,-56,88,-60,-71,-37,-97;36,-1,-16,-74,-2,99,75,38,-35,38,15,63,23,-62,-50,-14,94,78,89,-35,47,-21,-89,-63,84,33,85,-10;53,61,-3,61,-37,-3,-87,58,-67,96,72,-85,-48,73,28,-43,-58,8,35,71,31,57,94,-38,-61,98,-45,-43;-13,-54,-58,65,-87,-16,85,4,-60,54,-1,-75,-76,-8,-47,97,-95,74,-87,73,51,54,94,-25,98,-86,58,96;66,-65,21,-35,-58,56,-30,86,54,-93,-99,68,88,-77,-84,-12,-91,9,46,-61,3,97,-44,-35,84,-19,5,33;-48,66,67,99,25,89,37,-95,-68,-67,83,-32,-79,-34,-58,97,72,-55,85,27,37,5,-34,-12,-32,19,-8,69;78,-44,-19,60,-49,37,33,88,-60,-98,-58,98,-15,-89,-45,75,26,-22,-82,-64,54,-42,-8,39,-4,77,96,46;0,-22,30,-94,-3,68,-74,76,52,-78,-83,-16,32,-46,57,69,-98,86,-59,26,-50,-9,62,90,0,-45,-86,20;63,41,-36,-27,40,87,-12,62,-29,-64,1,17,85,-21,-78,3,-39,34,4,0,1,22,36,9,36,-31,-4,-92;15,40,5,-59,54,5,-88,-89,58,44,43,45,65,95,-3,66,-16,24,41,70,-32,-42,29,66,51,13,-81,-60;-95,54,36,-29,-10,-21,-54,31,30,-41,63,-21,-33,-90,45,16,90,58,34,5,-75,69,-76,-89,28,26,39,-43;-89,38,-10,-60,-14,71,-94,-97,-93,-28,-45,-14,49,66,-65,-75,60,-38,3,-42,13,-88,76,93,78,13,-85,-65;30,25,43,64,39,88,19,92,69,23,92,-4,-96,42,9,18,2,-52,56,-42,34,99,-50,-35,-77,-19,43,99;62,-3,-39,73,55,71,-27,-18,28,-10,47,60,-54,-57,-45,-63,-30,-93,-47,70,2,-43,-10,30,57,57,0,30;-26,-23,41,-43,-56,20,-70,-29,-39,-82,40,-67,-32,-73,89,-88,1,95,-89,-9,43,-87,95,-84,-72,73,-4,4;-93,30,-85,98,-30,42,-92,-49,49,-11,15,25,-88,84,76,-49,-34,-81,1,-26,-33,-22,-71,61,45,-91,86,-40;-19,25,-72,-29,-77,25,-36,30,-97,42,63,26,-81,38,-38,-89,-20,-15,-22,59,-63,44,49,-92,-29,-78,-64,29;1,-47,-48,-40,56,47,69,-76,-40,-57,1,-14,20,-55,-52,24,-44,75,-45,29,-85,-82,-19,-40,31,-73,-77,37;75,-81,-100,-99,-11,34,-71,49,-10,2,69,-28,68,-62,50,-64,83,91,-61,91,-5,-75,52,-5,67,6,13,-17;71,92,29,29,23,-69,-52,-59,-58,0,97,85,-84,-1,-66,53,-94,82,61,77,-32,-55,-24,39,87,-68,-58,50
-66,82,-79,46,77,-3,73,-60,49,36,90,9,93,-17,94,-46,75,96,91,98,-11,84,45,36,-85,26,15;82,89,41,-9,89,-3,73,37,-35,-86,63,-30,21,36,80,65,-67,-76,87,58,-49,92,44,33,-44,-55,59;-79,41,-32,-84,-50,-63,-16,30,-50,82,83,-1,-43,47,-8,35,-44,-82,79,-10,5,-26,-45,-82,23,50,20;46,-9,-84,49,-44,-26,23,-55,-93,-66,43,38,4,20,-85,76,-21,39,-29,54,96,-35,75,-23,-5,-77,95;77,89,-50,-44,74,64,-57,51,70,4,-50,-8,-1,17,35,-26,76,-42,38,-9,-77,-97,53,-69,35,-97,-97;-3,-3,-63,-26,64,-89,66,-97,0,-79,-43,75,-58,-46,-67,-21,48,-20,64,-18,72,-66,-46,-73,15,-41,43;73,73,-16,23,-57,66,-36,-5,-5,-42,74,51,-27,41,92,-41,71,61,-68,85,67,-97,-71,-65,24,-26,-19;-60,37,30,-55,51,-97,-5,-59,-4,10,-42,27,41,-70,19,76,8,-13,43,-33,1,8,-95,62,-17,-77,68;49,-35,-50,-93,70,0,-5,-4,12,-59,-80,77,18,31,-4,-95,-69,-75,92,91,84,-39,-78,98,84,-100,-54;36,-86,82,-66,4,-79,-42,10,-59,-90,-57,-79,-85,51,-16,-83,64,-16,-41,97,-34,51,0,5,68,-100,-24;90,63,83,43,-50,-43,74,-42,-80,-57,33,39,96,-55,-75,-12,51,15,-5,59,-94,-22,9,-80,62,-63,-87;9,-30,-1,38,-8,75,51,27,77,-79,39,25,-9,-74,-32,-8,0,67,-88,45,-67,58,-59,-9,-22,-7,-78;93,21,-43,4,-1,-58,-27,41,18,-85,96,-9,22,-49,-40,-50,65,-83,33,-37,-65,88,-42,58,-95,49,76;-17,36,47,20,17,-46,41,-70,31,51,-55,-74,-49,3,13,-13,80,-23,74,-93,-60,-61,-72,-68,-21,-45,93;94,80,-8,-85,35,-67,92,19,-4,-16,-75,-32,-40,13,-26,-96,-20,13,-44,87,68,2,87,-52,7,57,62;-46,65,35,76,-26,-21,-41,76,-95,-83,-12,-8,-50,-13,-96,-67,3,-58,-91,-93,96,-44,-45,27,-97,-2,-85;75,-67,-44,-21,76,48,71,8,-69,64,51,0,65,80,-20,3,-53,14,-89,-79,-79,32,38,-22,-30,61,84;96,-76,-82,39,-42,-20,61,-13,-75,-16,15,67,-83,-23,13,-58,14,77,-56,48,61,-92,-99,26,-61,-28,19;91,87,79,-29,38,64,-68,43,92,-41,-5,-88,33,74,-44,-91,-89,-56,-89,74,36,96,-82,-75,-17,98,37;98,58,-10,54,-9,-18,85,-33,91,97,59,45,-37,-93,87,-93,-79,48,74,46,-100,82,-3,-92,-27,57,-20;-11,-49,5,96,-77,72,67,1,84,-34,-94,-67,-65,-60,68,96,-79,61,36,-100,65,15,69,-21,-8,-29,19;84,92,-26,-35,-97,-66,-97,8,-39,51,-22,58,88,-61,2,-44,32,-92,96,82,15,-36,64,-41,-66,-52,-47;45,44,-45,75,53,-46,-71,-95,-78,0,9,-59,-42,-72,87,-45,38,-99,-82,-3,69,64,-99,64,-74,-5,-64;36,33,-82,-23,-69,-73,-65,62,98,5,-80,-9,58,-68,-52,27,-22,26,-75,-92,-21,-41,64,40,-25,-76,-97;-85,-44,23,-5,35,15,24,-17,84,68,62,-22,-95,-21,7,-97,-30,-61,-17,-27,-8,-66,-74,-25,7,-45,-21;26,-55,50,-77,-97,-41,-26,-77,-100,-100,-63,-7,49,-45,57,-2,61,-28,98,57,-29,-52,-5,-76,-45,32,-86;15,59,20,95,-97,43,-19,68,-54,-24,-87,-78,76,93,62,-85,84,19,37,-20,19,-47,-64,-97,-21,-86,83
